This line is a comment block. Write whatever you want here.
This line is a comment block. Write whatever you want here.
This line is a comment block. Write whatever you want here.
This line is a comment block. Write whatever you want here.
This line is a comment block. Write whatever you want here.
This line is a comment block. Write whatever you want here.
This line is a comment block. Write whatever you want here.
1a9e0585bf005f3ecdf820569539ac23177198a7bbc63d2ce1a7ee9edc9d77b5 5 0 0 0
acfddced43b50b68ab579cd66c1e874edd868d7dc49fe6f2212b6a33d8922310 3 0 0 0
972966cea3ca6f836fc50e2b774f76b34c398bc08855042424e9f06e1a467b46 14 7 6 4
1db4afd9c5e66b45f38f676f506818eaba1b5d8136c1274669b3a8127bb63474 59 59 906 284
8df61e87e1a24c5123586fc45cd66c4c98840b7d5b80ccc9b8a58fec603efb7e 7 0 0 0
62b3dab91dd102ed0ae26212f729f3ae6eac08d58da8035be22a2f45cd19cf34 2 0 0 0
dc28a50942fce66759ced260f349c2974d6d3f667c539cf39b77abde08437202 2 2 261 0
de2334304d3906b5ba634c968122fc32fe381ce94c502b212723d2b575652435 5 5 67 7
a55d04a9f313d602ebb95d514293eb2a13969291e8324cfd72ce729648267eed 0 0 0 0
21fa9d5562c3d5018c9e85ddd20095287a4be68abf261552f825c78badf7e2e7 2 2 25006 2
be9c71e2fa3e8d9a9e6041840a1ce2c78f267fc4f76c9d9276692e98e0b7023b 19 15 391 231
987570178129395faf4f7b8469e5118000c1cc12d38629ad2cb4232f674f8a5a 13 1 1 0
626f7453d9504f34e28f7dc6a809a928d95167437c119907676f347e11fdcc22 8 8 240 66
a3a492982386b35ab66673d92473875e4a4bc7f418caacf1347e85cece1f6701 1 1 1 0
05bde47c998a10bd7dbaa5e65cd96634848b5ed8fb4098a7552d2df20b96768e 7 5 1955348 2
dde78de2fe6ac891422b9bea349fb248941baeca1f3a50a3a114ff258b6e62bb 0 0 0 0
7fbbe845527f5827dba1c5652cca632019c7d8688b78b36706cb3111df84b744 1159 652 651 699
00ca0c97271c3c0b3f563763baf00c12d6a896c103fe3ad7e187c8347f3dc340 2 2 3581 117
24532c5af3502c2a394ae7b3cfb30644bc5d10fe0b3432643e3a78530bf7c629 9 9 7116 1024
fa9b850aa1ced69cb2cfba16cf6a360dee8259b43cabb17295dbc6804b629046 1 1 15725 0
dbce62be8a237cce6b0f8be754d484e585d378d6a49a3f2ddf291d9dc67773fe 8 8 10053 1196
ce0cfd75833e82b44f9287cc555d06d6dd5de4c313c1611d21869d4561af8970 10 10 15575 2217
81f9214ced02cd76eb93ce708c22d28b1d84857511b640a0816a6f7b25353194 4 4 10997 4
d7dd8893cce4b222b35e3eb3d8c8abf5994d70795f544407d48c5e1bd64b3427 3 3 13464 1
8c26084cc2b4461e9af1bac8e3319c2c362b22647434c4e507be4b007523bc75 2 2 583 1
1441bbdfa641c217c214a7af429a3d71565e6ed2214552cd1c84136905c0e9e3 6 0 0 0
8c9bdf2be7fdf72af60170b0b6f6fb0306592d92bbd0cd47076e69eb58cf5a2c 9 9 96 29
666c8d4e2e0387b7a17ae09aed9708908d25ab85b6f06ca955152021ce61a739 16 16 5172 437
18ae984afc69993cd481ccd08625e919130c9a427ebe9bfa68c1c7d485045dd4 8 7 8849 458
49e15bde03b900db0a388bf5e9b2b928577212709edf3fb0eef79a3a4970239e 2 2 13456 1
2a8ce81e0a2b11d81e9528de80014009e5a2b38fb7d55f7cc189dfa227b4e48c 7 6 13183 326
c9ecbd0f0f7a318d9da7cf76bf519b5d158be1b3f452df72529665274a8fe3f1 14 14 3735 125
c499a4c55962e03a1db754cc0027d594839d13e6ff8a9ea097110b6256f8dc7b 5 5 2774 57
b5255b2c668c95d09b3d81c1b332da69ab553095eb6638813924f06e118249b3 3 3 4734 53
9f0868211ef3fce5a2daa49c3317dc136a46e92e5220108387f4c689917bef40 9 9 6154 152
9ac72421eb633014d21dbd230a9266ddb8f33f06dbf542e051277928f52d2c36 1 1 35182 0
4a1de84a7aadf88185a41312456b643c442d3191374fde046edb174a81125f4d 2 0 0 0
d2146dca08c7d4318d63fc1a50ef8691954094d64d5efb28161da31956c5d504 18 18 3615 291
b56585036250d0f37dbcd4ef315be8385062dd629bb55e8bc1df5c29c417f112 4 4 3059 18
8152536821205fb4489a974cee2c6cbe95c2981cb64ba6b3140efe62ca82a3f3 6 6 17332 2348
e0c888797095c9d06bdb41c159df55126a6f3b15c9afb7a5c6853b2a553bb65f 8 1 9907 0
250cc5a6b7f6f55c0aae8336c915b573ce3187e7a414a6911e78a8bf656cfa9d 1 1 5497 0
e64716724552fc4484ec513394985c2c0d8f20b756ca1b1eb49c43cf37291508 290 148 40710 11248
9d32a323bbb897c571848a3b19e170de228d65f297a38e2843e0070419f80f84 2 2 8634 271
4f3bd75b1860742b6b8db1758fec03e2342b24fb1184ecc4add5ef10ab82ce5d 45 15 12195 4977
be1140a7d829f0ae715f22fd48aa433db73db914a9e97b7359e86ad2faa3c4e9 1 1 2606 0
842e215d48696e49ad192c18594f7fa326ecf85c8f739800cc0d3ebbe260755b 10 8 16441 380
d03514e63960de6db8fcd83fd958ac7748af3b538841365cb76e3f7ceee1d9c9 2 2 22298 97
20ebb30a737e1b5b8bdaec30b4d19b348a60b96cdbfd0db4571f05433c4c2885 85 51 45142 10122
af3bcadbbf5f923c87e305b6da2f56814f1e7f50cd3ccf89a069fc04ab105020 7 7 26243 1872
cb398763ffcae378c2931dbe2caad44411cb77721c0b6fafd741e384b491cf9b 40 40 16881 2858
5d249fed89e218e93f19bb7e81287472f958c9fa66f98de1de07a601c269d62f 2 2 87 1
e6487bd14f92600df0601848b32f73573b8fba862779e9dc825b6133bbd9fdcf 4 4 10068 213
4a0c1c5a223b18e74cf6100e7b1c17c7ae60388c37c321114b934cb679ef81b5 224 138 40306 11194
373b198beb96835029dee376779343c09f6a8916714c873b8b2bd6f50d3c01d5 8 8 10176 247
321d5a94028d01adeadb46684a3f9ccabf1d7fc12b8ffe867b1e6dcd58b25fb3 27 0 0 0
de36ae0ff6f9d396bac3e876c27923e57f5ab5175cb959b0e0da12916edd8bd8 1 1 14109 0
31dc2e8e7635dcb73516e9f7e68a03c8bd4681bd81b0776c0e365875df684512 2 2 14120 0
036450e9e81a8283da159bed3d0491a5b870a218ccda31ee3b0b761c462f496b 4 0 0 0
0c452a21bef7dadd3ec029d905d57b7e322bb008ea72190cfff70ce85d9c5679 3 3 31913 15
e7ab0157135ba19a7abde17039057c8e7e87caa5138654ef9d16f13c604db775 3 3 31913 15
23894db58e43e5e4ecf9e2b20d12ead5ba1d7d876ebba165c3326f86c7804ee8 7 7 9826 12
72a300842145b9fbdadca3c2ddf3a60e7a01159c6604b90e573ff245a78674ff 144 5 25573 8077
5387be371e1f65c2e6a53f19144d5b6e945d2f5bcb6ffc6f7594e9919cd6332f 10 10 18843 468
b6b4181f0495570ed0e58f5cb1234cc3e2fb1e20862897652b530331ffd3d935 16 0 0 0
a56958bdb7813876da7a23f01c08e7689c70df27d2eb008ebd5ac796d1518dda 9 9 13704 691
ab16fb62eac4309e2845a4307d34f3982108231937314084164917898a27c550 6 6 13951 58
165318163a632a492f13af79aed95742d9af39102f27274268a3ce6ed3025988 13 9 13894 86
d526ad63bb74e8e0cc289fb458c76537ec003bbb5b3233ca920ace4e095ac43e 9 2 21944 6944
68aa4d66e503fbc0fa8b4407f0bf1f6b0859d192c7cf46602bc805584f4d7e0b 3 2 14635 7
2185bfe1951e87e483633aee7c8320011f7ab2e93d96c253f77f072edb5c37c4 2 2 14351 3
30e509786a44636bc9a7ddba1d455df016547fcad918e4269752ea2958fa30c8 55 55 33120 14865
4483f45f279be9649774131a2a3616ac7880e0597a4f591420e9e9c3e410a286 24 7 6032 1320
24a6e6320f076217f16474aa255f5926b6a8d24d5e997553051ff4fda25bd7f7 170 115 83663 27278
816a54aa275ecb5c805926e41cc57f27991cae0ba10eb4411553f86a703a8e67 13 13 22013 270
344af307638a3fa22f7cb1dad2dd89b424fd1e619e357953652e3fe42693ff09 13 13 31371 9044
4bd10f569151be410f450d923bb8a6e400275f0a6b11ac60e3e01155e4644924 22 22 28609 2388
f44e038c8b70b1470d1bce2b045c2a119c13f84ee3b425c010b7d0e420d48cdb 3 3 8858 420
2560c7972296751b0fc45fafaaabae5d6570b1f96c5c7ce53c456841ec358edc 20 13 15057 1555
64d0d05127154efdc6601cf808c3c0b908a5ae8554925ac0acfdee4b8d9129f4 2 2 21917 1
e957dfbdffaab2b3657515e99899a1d98177f130439b9178167779a61ba64a39 76 76 27593 3458
dc6bed843a4ed683f16f8df72fa142a706f3f4b15ee405f76e8a3f4ba0853038 5 0 0 0
9183c2acb5d4e1b7542924df325cebcee087edae18fd3ccd99645a46461cd7d1 164 0 0 0
3844292082c648b4a70e27952a001264489d257d34dd017afaf74f47e1304895 67 0 0 0
e4b1cb1e08fc23eebf487fe1d61a301f01dfcbd9d5e646f5e0d013489f78b9d7 11 11 21032 2351
0ea8d2759cfe08036260fb523ca0732f36e7afe6335214f51481e191d458f60a 32 0 0 0
7aa7c3b3be2a3c4d02881973e8ca84ef3473ca3d3887ddab1047945b3f2c25c6 16 16 14177 4525
61901c5a823881030b1f2423b1e14391942a957f13772b9233e138b0eebc151c 1 1 7123 0
4b45379f9a4b88d47c38e365c2e6f34f2900be652f72a549c0e12a6bda15d289 213 70 25684 10246
6384ab6cd7f50c69401502030794f0ef726653a4e3d9d4bbdb899e7b10ed22b7 0 0 0 0
e01642bdaed1a7dc2312c2c46db72627790cb238fb47e0ebe347286420f419b7 14 8 22046 1256
27d5ffb9effb50abde66b008b3309e07059765fec4dd7d2ec2e2f17433303792 69 69 46130 5736
0e3af682715cbb1106b35991c27bef386409fa6777a6e78cd1ce54595d02dd0e 8 5 21476 962
be425d10e05d77d3995ba7c257efbbbab79617b06cad2fe99e20d90a9d042ff5 21 21 15879 1106
1b1c3907c5b70805065898a04d8753c04c147faaea67296c1c511ab80b2a9f39 3 3 8805 27
30821444b5c0f1a374bd08e59110eafa2059a0729491994de72aa8596185d1c1 3 3 13894 4
bbd2155e8e28dd2d524584217ca1529c4d7c0f8b57661046915b14efcbf7cb7a 1 1 7831 0
f3b4645fcbbf92371d8cbc2fd0dc77fbdbd4e4b0956916371d022806a1792007 19 11 17417 2893
5980de5bc8789f562fcf199a3ec32f0461ee2ccf12cb847da2610b64c2b74015 1 1 11609 0
8cc068f1b94acdf2771fae86ad04b6eb1b3bdd2505f4aac5bdcdd8b4835958a4 0 0 0 0
3c0aba220ac0d412326d26e842eb1c73588c7f8a2d622d7183a03c5a665b335b 73 68 18587 4291
87dc147ba40799e425fd425ec2eec8628f2eb50d31112a59b3c784c978700829 0 0 0 0
79d76f5884f0cb149f54a6028983170ab567ca44c3912f177740f6bdd16161f9 2 0 0 0
18e0f17e361ca05461e23d48d7f0d5e0218759950e88d2b8637e162b324ea422 1 0 0 0
6bc25f8a77d7a11710d57a6b11e7a5de9bbc96777d44cc2f65610f6a7f9c6127 2 2 11555 9
72a91e9fdb0b7409ca0d3c918ceddc56a62ee3fd765bd29dab7d8af9bfc3bba4 18 18 27704 5010
098d5bf7827bbc0de284635191d09a27d6edcd41235464df36c29965a852f60b 4 1 163 0
2c503fd1eacb0b40397a8d4446f622b14fdbd8d33cd99b6e145cb412e20def00 130 0 0 0
babb96a30ca38421939d3fdb5df4f12ed9e10f952083d12de8c0f685cf4210e4 28 17 21737 6500
